171 1 3308 2936
172 2 3311 2933
173 3 3299 2954
174 4 3311 2927
175 5 3306 2936
176 6 3304 2934
177 7 3309 2937
178 8 3308 2933
179 9 3306 2915
180 10 3298 2930
181 11 3296 2932
182 12 3298 2937
183 13 3296 2929
184 14 3283 2929
185 15 3327 2929
186 16 3327 2925
187 17 3328 2904
188 18 3331 2905
189 19 3352 2896
190 20 3362 2907
191 21 3359 2895
192 22 3358 2902
193 23 3352 2899
194 24 3360 2879
195 25 3356 2892
196 26 3359 2896
197 27 3377 2875
198 28 3344 2938
199 29 3335 2924
200 30 3346 2888
201 31 3332 2904
202 32 3338 2897
203 33 3348 2882
204 34 3353 2881
205 35 3374 2884
206 36 3362 2882
207 37 3362 2886
208 38 3360 2881
209 39 3361 2884
210 40 3345 2893
211 41 3336 2875
212 42 3320 2889
213 43 3320 2874
214 44 3326 2871
215 45 3337 2872
216 46 3363 2858
217 47 3382 2880
218 48 3384 2872
219 49 3382 2859
220 50 3373 2862
221 51 3373 2854
222 52 3375 2865
223 53 3369 2864
224 54 3362 2852
225 55 3350 2872
226 56 3367 2866
227 57 3365 2872
228 58 3378 2873
229 59 3376 2871
230 60 3385 2859
231 61 3380 2849
232 62 3365 2866
233 63 3364 2844
234 64 3348 2853
235 65 3350 2867
236 66 3354 2855
237 67 3351 2851
238 68 3371 2845
239 69 3378 2859
240 70 3370 2864
241 71 3380 2857
242 72 3378 2848
243 73 3365 2842
244 74 3345 2847
245 75 3329 2861
246 76 3335 2844
247 77 3341 2850
248 78 3346 2843
249 79 3364 2839
250 80 3361 2858
251 81 3366 2851
252 82 3354 2839
253 83 3388 2845
254 84 3372 2852
255 85 3357 2855
256 86 3356 2851
257 87 3349 2859
258 88 3357 2847
259 89 3369 2854
260 90 3382 2851
261 91 3381 2857
262 92 3376 2854
263 93 3368 2858
264 94 3362 2856
265 95 3363 2856
266 96 3355 2858
267 97 3370 2843
268 98 3367 2848
269 99 3358 2832
270 100 3361 2849
271 101 3343 2872
272 102 3349 2856
273 103 3363 2844
274 104 3371 2855
275 105 3377 2848
276 106 3371 2851
277 107 3373 2856
278 108 3363 2840
279 109 3356 2857
280 110 3362 2845
281 111 3359 2831
282 112 3366 2860
283 113 3374 2844
284 114 3383 2856
285 115 3381 2851
286 116 3373 2835
287 117 3370 2854
288 118 3363 2841
289 119 3359 2838
290 120 3377 2842
291 121 3372 2841
292 122 3359 2850
293 123 3353 2856
294 124 3349 2842
295 125 3353 2863
296 126 3364 2843
297 127 3381 2845
298 128 3378 2854
299 129 3364 2845
300 130 3344 2841
301 131 3353 2847
302 132 3352 2852
303 133 3347 2839
304 134 3360 2845
305 135 3361 2863
306 136 3381 2834
307 137 3370 2858
308 138 3375 2841
309 139 3370 2849
310 140 3377 2846
311 141 3375 2833
312 142 3347 2850
313 143 3346 2845
314 144 3363 2852
315 145 3357 2841
316 146 3370 2855
317 147 3351 2857
318 148 3359 2858
319 149 3367 2844
320 150 3374 2853
321 151 3374 2855
322 152 3370 2857
323 153 3367 2843
324 154 3364 2853
325 155 3370 2825
326 156 3372 2839
327 157 3371 2840
328 158 3365 2835
329 159 3361 2852
330 160 3372 2847
331 161 3384 2835
332 162 3381 2845
333 163 3373 2847
334 164 3388 2831
335 165 3386 2835
336 166 3372 2852
337 167 3378 2839
338 168 3378 2824
339 169 3371 2838
340 170 3366 2836
341 171 3369 2836
342 172 3359 2840
343 173 3364 2847
344 174 3364 2848
345 175 3377 2843
346 176 3372 2834
347 177 3369 2842
348 178 3362 2827
349 179 3354 2843
350 180 3358 2833
351 181 3363 2830
352 182 3357 2839
353 183 3361 2845
354 184 3367 2843
355 185 3359 2843
356 186 3362 2844
357 187 3361 2844
358 188 3361 2840
359 189 3374 2845
360 190 3372 2840
361 191 3360 2832
362 192 3350 2842
363 193 3348 2847
364 194 3363 2862
365 195 3360 2854
366 196 3378 2849
367 197 3377 2841
368 198 3367 2847
369 199 3361 2828
370 200 3354 2837
371 201 3349 2846
372 202 3359 2850
373 203 3361 2846
374 204 3363 2846
375 205 3373 2848
376 206 3379 2849
377 207 3389 2854
378 208 3377 2843
379 209 3358 2847
380 210 3344 2861
381 211 3350 2840
382 212 3350 2845
383 213 3354 2842
384 214 3346 2855
385 215 3362 2844
386 216 3356 2846
387 217 3348 2850
388 218 3346 2823
389 219 3359 2853
390 220 3348 2854
391 221 3348 2842
392 222 3346 2852
393 223 3356 2850
394 224 3357 2859
395 225 3369 2853
396 226 3372 2855
397 227 3371 2847
398 228 3370 2859
399 229 3382 2837
400 230 3363 2855
401 231 3369 2824
402 232 3373 2846
403 233 3376 2837
404 234 3367 2842
405 235 3367 2845
406 236 3362 2846
407 237 3367 2837
408 238 3362 2839
409 239 3382 2836
410 240 3368 2840
411 241 3368 2841
412 242 3362 2846
413 243 3358 2854
414 244 3371 2861
415 245 3377 2830
416 246 3363 2833
417 247 3371 2827
418 248 3357 2838
419 249 3342 2829
420 250 3335 2845
421 251 3341 2839
422 252 3349 2860
423 253 3366 2852
424 254 3365 2843
425 255 3372 2828
426 256 3361 2851
427 257 3363 2846
428 258 3366 2844
429 259 3368 2834
430 260 3354 2849
431 261 3370 2833
432 262 3362 2821
433 263 3357 2817
434 264 3355 2832
435 265 3380 2841
436 266 3376 2832
437 267 3375 2835
438 268 3373 2839
439 269 3373 2829
440 270 3355 2851
441 271 3358 2854
442 272 3381 2853
443 273 3387 2837
444 274 3386 2844
445 275 3367 2845
446 276 3363 2837
447 277 3352 2851
448 278 3340 2856
449 279 3338 2846
450 280 3353 2861
451 281 3369 2836
452 282 3374 2848
453 283 3374 2843
454 284 3371 2839
455 285 3373 2843
456 286 3369 2833
457 287 3375 2833
458 288 3375 2845
459 289 3376 2842
460 290 3367 2829
461 291 3371 2843
462 292 3377 2825
463 293 3360 2836
464 294 3355 2827
465 295 3332 2850
466 296 3335 2842
467 297 3349 2837
468 298 3358 2857
469 299 3368 2861
470 300 3373 2849
471 301 3370 2835
472 302 3365 2845
473 303 3359 2853
474 304 3334 2865
475 305 3346 2846
476 306 3356 2851
477 307 3367 2843
478 308 3378 2854
479 309 3386 2832
480 310 3371 2846
481 311 3375 2836
482 312 3367 2844
483 313 3345 2845
484 314 3330 2852
485 315 3331 2842
486 316 3342 2866
487 317 3372 2838
488 318 3370 2850
489 319 3367 2854
490 320 3375 2836
491 321 3357 2839
492 322 3348 2843
493 323 3379 2849
494 324 3387 2842
495 325 3378 2857
496 326 3370 2848
497 327 3347 2839
498 328 3339 2858
499 329 3343 2850
500 330 3371 2863
501 331 3376 2852
502 332 3373 2844
503 333 3368 2847
504 334 3376 2849
505 335 3370 2837
506 336 3375 2843
507 337 3368 2851
508 338 3368 2847
509 339 3347 2848
510 340 3338 2850
511 341 3338 2865
512 342 3345 2832
513 343 3338 2857
514 344 3353 2855
515 345 3344 2860
516 346 3328 2858
517 347 3336 2848
518 348 3355 2856
519 349 3339 2873
520 350 3329 2875
521 351 3346 2839
522 352 3351 2849
523 353 3357 2854
524 354 3368 2858
525 355 3376 2850
526 356 3357 2841
527 357 3355 2848
528 358 3343 2841
529 359 3337 2853
530 360 3334 2858
531 361 3359 2855
532 362 3349 2850
533 363 3339 2852
534 364 3336 2844
535 365 3360 2854
536 366 3355 2859
537 367 3351 2853
538 368 3332 2860
539 369 3338 2845
540 370 3349 2847
541 371 3361 2853
542 372 3368 2869
543 373 3375 2845
544 374 3370 2865
545 375 3373 2862
546 376 3361 2850
547 377 3341 2843
548 378 3326 2846
549 379 3324 2846
550 380 3322 2864
551 381 3334 2861
552 382 3355 2863
553 383 3376 2837
554 384 3354 2858
555 385 3340 2860
556 386 3349 2831
557 387 3329 2867
558 388 3332 2847
559 389 3345 2848
560 390 3362 2835
561 391 3351 2854
562 392 3351 2858
563 393 3357 2839
564 394 3354 2823
565 395 3349 2824
566 396 3319 2887
567 397 3340 2836
568 398 3319 2852
569 399 3350 2863
570 400 3350 2869
571 401 3351 2872
572 402 3373 2850
573 403 3355 2864
574 404 3343 2856
575 405 3325 2838
576 406 3329 2850
577 407 3335 2856
578 408 3338 2854
579 409 3353 2855
580 410 3358 2841
581 411 3348 2851
582 412 3349 2864
583 413 3366 2863
584 414 3367 2841
585 415 3367 2847
586 416 3357 2835
587 417 3345 2835
588 418 3353 2842
589 419 3332 2841
590 420 3343 2861
591 421 3336 2856
592 422 3342 2851
593 423 3340 2861
594 424 3337 2863
595 425 3351 2856
596 426 3370 2855
597 427 3363 2859
598 428 3355 2850
599 429 3351 2849
600 430 3341 2847
601 431 3332 2837
602 432 3311 2848
603 433 3318 2848
604 434 3339 2843
605 435 3361 2834
606 436 3371 2846
607 437 3359 2848
608 438 3361 2852
609 439 3364 2843
610 440 3341 2840
611 441 3328 2857
612 442 3315 2864
613 443 3320 2851
614 444 3321 2842
615 445 3334 2834
616 446 3332 2862
617 447 3330 2855
618 448 3343 2830
619 449 3344 2836
620 450 3348 2810
621 451 3360 2849
622 452 3365 2839
623 453 3367 2831
624 454 3347 2861
625 455 3335 2861
626 456 3359 2821
627 457 3366 2827
628 458 3378 2836
629 459 3369 2846
630 460 3359 2850
631 461 3374 2835
632 462 3382 2799
633 463 3357 2863
634 464 3359 2856
635 465 3362 2845
636 466 3368 2827
637 467 3356 2839
638 468 3365 2843
639 469 3364 2841
640 470 3370 2825
641 471 3361 2835
642 472 3350 2853
643 473 3330 2841
644 474 3348 2831
645 475 3342 2851
646 476 3331 2866
647 477 3338 2841
648 478 3347 2829
649 479 3348 2844
650 480 3330 2848
651 481 3366 2860
652 482 3375 2840
653 483 3369 2844
654 484 3361 2848
655 485 3353 2855
656 486 3374 2817
657 487 3355 2845
658 488 3363 2838
659 489 3344 2856
660 490 3364 2850
661 491 3365 2854
662 492 3360 2845
663 493 3362 2840
664 494 3364 2850
665 495 3362 2850
666 496 3357 2852
667 497 3362 2837
668 498 3366 2835
669 499 3359 2836
670 500 3357 2844
671 501 3350 2841
672 502 3352 2829
673 503 3342 2825
674 504 3328 2844
675 505 3311 2846
676 506 3345 2864
677 507 3357 2852
678 508 3354 2850
679 509 3350 2856
680 510 3350 2862
681 511 3351 2848
682 512 3352 2846
683 513 3352 2856
684 514 3350 2843
685 515 3346 2836
686 516 3346 2857
687 517 3347 2847
688 518 3341 2841
689 519 3319 2863
690 520 3340 2852
691 521 3346 2864
692 522 3354 2848
693 523 3354 2853
694 524 3354 2848
695 525 3360 2850
696 526 3354 2837
697 527 3348 2833
698 528 3349 2841
699 529 3347 2836
700 530 3337 2849
701 531 3360 2838
702 532 3353 2855
703 533 3357 2846
704 534 3354 2849
705 535 3347 2855
706 536 3353 2844
707 537 3343 2841
708 538 3339 2851
709 539 3359 2854
710 540 3355 2867
711 541 3353 2854
712 542 3346 2853
713 543 3346 2852
714 544 3342 2844
715 545 3339 2856
716 546 3326 2858
717 547 3337 2862
718 548 3346 2850
719 549 3355 2846
720 550 3349 2853
721 551 3357 2842
722 552 3357 2842
723 553 3336 2833
724 554 3327 2842
725 555 3325 2835
726 556 3325 2837
727 557 3353 2857
728 558 3357 2850
729 559 3350 2849
730 560 3349 2837
731 561 3349 2845
732 562 3344 2838
733 563 3350 2844
734 564 3347 2844
735 565 3346 2839
736 566 3348 2846
737 567 3345 2844
738 568 3328 2835
739 569 3344 2851
740 570 3350 2832
741 571 3350 2832
742 572 3352 2839
743 573 3349 2834
744 574 3353 2837
745 575 3343 2843
746 576 3346 2841
747 577 3341 2835
748 578 3336 2834
749 579 3335 2828
750 580 3317 2835
751 581 3343 2844
752 582 3337 2857
753 583 3338 2853
754 584 3332 2844
755 585 3347 2853
756 586 3353 2847
757 587 3348 2848
758 588 3357 2847
759 589 3351 2836
760 590 3359 2838
761 591 3350 2837
762 592 3354 2832
763 593 3362 2823
764 594 3358 2830
765 595 3358 2824
766 596 3351 2828
767 597 3350 2816
768 598 3337 2835
769 599 3323 2837
770 600 3309 2843
771 601 3319 2837
772 602 3330 2826
773 603 3344 2861
774 604 3328 2907
775 605 3340 2865
776 606 3379 2801
777 607 3391 2753
778 608 3360 2799
779 609 3356 2810
780 610 3345 2836
781 611 3340 2839
782 612 3313 2834
783 613 3316 2844
784 614 3338 2842
785 615 3338 2820
786 616 3344 2826
787 617 3329 2845
788 618 3347 2820
789 619 3339 2829
790 620 3324 2840
791 621 3323 2823
792 622 3312 2834
793 623 3315 2810
794 624 3320 2833
795 625 3330 2822
796 626 3324 2831
797 627 3348 2839
798 628 3352 2834
799 629 3357 2830
800 630 3344 2836
801 631 3348 2838
802 632 3343 2847
803 633 3346 2831
804 634 3338 2832
805 635 3340 2840
806 636 3327 2831
807 637 3313 2835
808 638 3313 2839
809 639 3320 2845
810 640 3342 2839
811 641 3335 2830
812 642 3346 2824
813 643 3342 2819
814 644 3336 2824
815 645 3330 2825
816 646 3321 2826
817 647 3305 2821
818 648 3305 2817
819 649 3291 2831
820 650 3301 2836
821 651 3317 2843
822 652 3328 2833
823 653 3339 2839
824 654 3341 2828
825 655 3339 2815
826 656 3335 2812
827 657 3334 2825
828 658 3334 2823
829 659 3324 2821
830 660 3304 2821
831 661 3295 2814
832 662 3294 2819
833 663 3305 2838
834 664 3318 2848
835 665 3365 2836
836 666 3346 2818
837 667 3344 2828
838 668 3340 2830
839 669 3330 2831
840 670 3338 2837
841 671 3312 2834
842 672 3312 2824
843 673 3314 2831
844 674 3318 2834
845 675 3333 2834
846 676 3331 2826
847 677 3333 2823
848 678 3330 2808
849 679 3321 2814
850 680 3324 2815
851 681 3324 2803
852 682 3304 2806
853 683 3313 2814
854 684 3300 2829
855 685 3308 2835
856 686 3325 2830
857 687 3340 2836
858 688 3347 2826
859 689 3345 2825
860 690 3332 2827
861 691 3314 2816
862 692 3306 2828
863 693 3311 2821
864 694 3309 2817
865 695 3316 2822
866 696 3331 2814
867 697 3329 2819
868 698 3338 2817
869 699 3340 2814
870 700 3353 2801
871 701 3350 2816
872 702 3338 2805
873 703 3331 2837
874 704 3315 2840
875 705 3304 2827
876 706 3298 2819
877 707 3328 2795
878 708 3359 2792
879 709 3366 2775
880 710 3354 2780
881 711 3339 2797
882 712 3325 2788
883 713 3322 2812
884 714 3331 2820
885 715 3349 2813
886 716 3351 2806
887 717 3370 2809
888 718 3355 2805
889 719 3325 2796
890 720 3310 2784
891 721 3310 2766
892 722 3307 2773
893 723 3295 2772
894 724 3308 2776
895 725 3337 2777
896 726 3355 2805
897 727 3367 2788
898 728 3362 2770
899 729 3353 2790
900 730 3351 2779
901 731 3345 2763
902 732 3337 2774
903 733 3325 2771
904 734 3336 2759
905 735 3339 2757
906 736 3339 2797
907 737 3345 2774
908 738 3345 2773
909 739 3355 2762
910 740 3345 2748
911 741 3342 2761
912 742 3312 2795
913 743 3300 2806
914 744 3301 2790
915 745 3281 2814
916 746 3296 2848
917 747 3287 2860
918 748 3300 2858
919 749 3314 2845
920 750 3295 2862
921 751 3301 2799
922 752 3303 2788
923 753 3304 2770
924 754 3295 2776
925 755 3309 2781
926 756 3314 2784
927 757 3295 2778
928 758 3306 2781
929 759 3306 2781
