171 1 675 2838
172 2 678 2839
173 3 659 2849
174 4 680 2832
175 5 673 2835
176 6 671 2833
177 7 678 2834
178 8 678 2833
179 9 678 2821
180 10 663 2837
181 11 660 2840
182 12 662 2847
183 13 660 2840
184 14 766 2743
185 15 644 2835
186 16 640 2844
187 17 657 2828
188 18 660 2830
189 19 692 2823
190 20 705 2828
191 21 707 2803
192 22 703 2814
193 23 698 2803
194 24 712 2787
195 25 704 2796
196 26 706 2805
197 27 736 2785
198 28 680 2826
199 29 670 2811
200 30 686 2808
201 31 663 2820
202 32 672 2815
203 33 688 2804
204 34 694 2803
205 35 724 2800
206 36 710 2784
207 37 709 2786
208 38 705 2793
209 39 708 2789
210 40 686 2790
211 41 673 2786
212 42 649 2796
213 43 648 2800
214 44 656 2797
215 45 670 2803
216 46 711 2782
217 47 737 2784
218 48 741 2775
219 49 740 2762
220 50 728 2760
221 51 729 2759
222 52 730 2771
223 53 722 2766
224 54 718 2739
225 55 691 2787
226 56 716 2785
227 57 714 2780
228 58 732 2785
229 59 732 2767
230 60 747 2754
231 61 740 2750
232 62 715 2770
233 63 718 2753
234 64 693 2759
235 65 692 2782
236 66 699 2771
237 67 698 2760
238 68 725 2764
239 69 734 2769
240 70 725 2757
241 71 740 2764
242 72 741 2753
243 73 725 2745
244 74 696 2748
245 75 665 2780
246 76 676 2767
247 77 683 2774
248 78 693 2762
249 79 720 2754
250 80 714 2762
251 81 723 2749
252 82 711 2725
253 83 753 2747
254 84 730 2748
255 85 706 2761
256 86 705 2759
257 87 696 2760
258 88 710 2750
259 89 724 2761
260 90 743 2754
261 91 742 2752
262 92 735 2751
263 93 725 2749
264 94 718 2747
265 95 717 2751
266 96 707 2748
267 97 727 2746
268 98 724 2742
269 99 715 2725
270 100 710 2763
271 101 684 2765
272 102 695 2760
273 103 718 2740
274 104 725 2756
275 105 737 2739
276 106 730 2738
277 107 732 2743
278 108 722 2725
279 109 707 2742
280 110 716 2738
281 111 716 2718
282 112 716 2760
283 113 732 2737
284 114 743 2750
285 115 742 2741
286 116 738 2707
287 117 727 2735
288 118 719 2729
289 119 716 2722
290 120 737 2734
291 121 733 2734
292 122 717 2724
293 123 706 2741
294 124 704 2725
295 125 701 2755
296 126 721 2734
297 127 745 2734
298 128 741 2732
299 129 724 2723
300 130 697 2716
301 131 704 2739
302 132 703 2738
303 133 699 2723
304 134 714 2737
305 135 714 2744
306 136 746 2725
307 137 726 2745
308 138 736 2730
309 139 728 2736
310 140 738 2732
311 141 738 2718
312 142 696 2734
313 143 695 2731
314 144 719 2736
315 145 713 2723
316 146 729 2734
317 147 698 2751
318 148 709 2754
319 149 725 2728
320 150 729 2748
321 151 731 2741
322 152 726 2742
323 153 725 2726
324 154 721 2724
325 155 737 2693
326 156 733 2720
327 157 731 2725
328 158 725 2719
329 159 713 2739
330 160 728 2742
331 161 749 2722
332 162 743 2728
333 163 734 2719
334 164 757 2713
335 165 754 2712
336 166 733 2724
337 167 741 2721
338 168 744 2709
339 169 734 2712
340 170 729 2704
341 171 732 2716
342 172 714 2733
343 173 720 2741
344 174 720 2739
345 175 742 2720
346 176 737 2705
347 177 732 2714
348 178 724 2702
349 179 709 2720
350 180 718 2704
351 181 725 2704
352 182 712 2728
353 183 717 2731
354 184 726 2728
355 185 715 2728
356 186 720 2726
357 187 720 2718
358 188 720 2712
359 189 739 2711
360 190 734 2711
361 191 719 2708
362 192 701 2723
363 193 697 2730
364 194 716 2743
365 195 713 2735
366 196 739 2726
367 197 740 2713
368 198 726 2714
369 199 725 2683
370 200 711 2698
371 201 697 2726
372 202 708 2739
373 203 716 2719
374 204 719 2720
375 205 732 2727
376 206 740 2720
377 207 751 2712
378 208 741 2706
379 209 715 2705
380 210 688 2735
381 211 699 2726
382 212 698 2731
383 213 702 2731
384 214 692 2733
385 215 718 2713
386 216 712 2709
387 217 700 2710
388 218 706 2671
389 219 715 2717
390 220 698 2721
391 221 699 2720
392 222 695 2725
393 223 709 2724
394 224 708 2731
395 225 728 2722
396 226 732 2719
397 227 734 2707
398 228 730 2716
399 229 749 2702
400 230 720 2710
401 231 737 2676
402 232 736 2702
403 233 742 2700
404 234 727 2702
405 235 728 2703
406 236 722 2701
407 237 729 2698
408 238 721 2699
409 239 745 2691
410 240 731 2694
411 241 732 2690
412 242 722 2700
413 243 712 2716
414 244 731 2716
415 245 745 2687
416 246 727 2682
417 247 735 2694
418 248 715 2692
419 249 696 2686
420 250 681 2704
421 251 688 2708
422 252 693 2733
423 253 721 2719
424 254 723 2701
425 255 735 2695
426 256 717 2701
427 257 720 2704
428 258 725 2699
429 259 729 2693
430 260 709 2700
431 261 732 2695
432 262 724 2678
433 263 719 2668
434 264 711 2694
435 265 747 2689
436 266 740 2696
437 267 739 2692
438 268 738 2689
439 269 741 2673
440 270 709 2704
441 271 714 2703
442 272 746 2705
443 273 755 2696
444 274 753 2701
445 275 729 2693
446 276 724 2687
447 277 706 2701
448 278 686 2712
449 279 681 2712
450 280 701 2720
451 281 730 2691
452 282 734 2701
453 283 736 2696
454 284 732 2691
455 285 735 2698
456 286 733 2676
457 287 741 2676
458 288 738 2695
459 289 740 2691
460 290 732 2673
461 291 731 2697
462 292 746 2673
463 293 720 2681
464 294 713 2678
465 295 676 2698
466 296 678 2706
467 297 697 2707
468 298 710 2713
469 299 726 2702
470 300 734 2697
471 301 735 2673
472 302 724 2687
473 303 714 2696
474 304 676 2709
475 305 694 2704
476 306 707 2709
477 307 725 2698
478 308 741 2698
479 309 758 2671
480 310 734 2687
481 311 741 2678
482 312 729 2685
483 313 700 2681
484 314 673 2705
485 315 675 2703
486 316 688 2716
487 317 735 2690
488 318 733 2695
489 319 729 2694
490 320 743 2681
491 321 720 2674
492 322 705 2681
493 323 747 2685
494 324 758 2685
495 325 745 2688
496 326 737 2674
497 327 709 2659
498 328 688 2702
499 329 693 2696
500 330 730 2705
501 331 741 2689
502 332 736 2683
503 333 733 2675
504 334 740 2685
505 335 738 2663
506 336 743 2671
507 337 731 2683
508 338 732 2677
509 339 704 2674
510 340 688 2687
511 341 682 2707
512 342 697 2686
513 343 680 2716
514 344 706 2698
515 345 692 2700
516 346 671 2693
517 347 685 2680
518 348 712 2683
519 349 685 2704
520 350 668 2713
521 351 699 2683
522 352 701 2699
523 353 713 2687
524 354 724 2701
525 355 742 2677
526 356 718 2663
527 357 713 2677
528 358 699 2663
529 359 686 2683
530 360 678 2703
531 361 714 2696
532 362 704 2682
533 363 687 2695
534 364 687 2677
535 365 718 2691
536 366 713 2684
537 367 709 2672
538 368 681 2678
539 369 689 2682
540 370 701 2694
541 371 718 2694
542 372 729 2693
543 373 744 2669
544 374 734 2682
545 375 738 2685
546 376 725 2667
547 377 695 2676
548 378 670 2687
549 379 670 2674
550 380 662 2697
551 381 678 2702
552 382 711 2687
553 383 745 2669
554 384 711 2679
555 385 687 2696
556 386 704 2677
557 387 672 2698
558 388 683 2669
559 389 698 2682
560 390 726 2665
561 391 709 2673
562 392 710 2674
563 393 721 2661
564 394 719 2652
565 395 713 2643
566 396 662 2688
567 397 695 2667
568 398 660 2693
569 399 703 2700
570 400 699 2711
571 401 705 2697
572 402 744 2659
573 403 714 2677
574 404 699 2668
575 405 676 2656
576 406 678 2673
577 407 683 2692
578 408 691 2677
579 409 711 2682
580 410 725 2654
581 411 706 2673
582 412 707 2678
583 413 730 2679
584 414 737 2658
585 415 735 2670
586 416 724 2656
587 417 711 2637
588 418 717 2659
589 419 689 2654
590 420 698 2677
591 421 687 2683
592 422 695 2685
593 423 694 2680
594 424 690 2676
595 425 708 2684
596 426 738 2668
597 427 729 2664
598 428 720 2657
599 429 713 2661
600 430 701 2658
601 431 688 2655
602 432 659 2655
603 433 666 2664
604 434 694 2669
605 435 730 2644
606 436 742 2654
607 437 726 2653
608 438 729 2657
609 439 735 2645
610 440 703 2642
611 441 678 2674
612 442 657 2684
613 443 668 2672
614 444 669 2669
615 445 688 2660
616 446 684 2671
617 447 686 2651
618 448 707 2640
619 449 708 2643
620 450 715 2628
621 451 729 2651
622 452 734 2655
623 453 738 2646
624 454 705 2673
625 455 687 2674
626 456 725 2650
627 457 735 2654
628 458 751 2653
629 459 738 2660
630 460 724 2662
631 461 747 2648
632 462 764 2618
633 463 719 2665
634 464 723 2667
635 465 731 2650
636 466 741 2640
637 467 724 2635
638 468 735 2645
639 469 735 2641
640 470 747 2623
641 471 731 2641
642 472 713 2655
643 473 688 2641
644 474 711 2648
645 475 701 2661
646 476 684 2667
647 477 698 2645
648 478 711 2645
649 479 711 2652
650 480 686 2654
651 481 733 2666
652 482 751 2647
653 483 742 2645
654 484 730 2650
655 485 717 2654
656 486 749 2633
657 487 722 2642
658 488 735 2638
659 489 702 2666
660 490 733 2654
661 491 735 2655
662 492 729 2647
663 493 732 2649
664 494 732 2656
665 495 731 2650
666 496 724 2648
667 497 733 2637
668 498 739 2636
669 499 731 2627
670 500 727 2635
671 501 718 2636
672 502 722 2625
673 503 709 2620
674 504 684 2645
675 505 661 2642
676 506 701 2676
677 507 723 2655
678 508 719 2647
679 509 715 2647
680 510 714 2655
681 511 717 2640
682 512 719 2639
683 513 718 2646
684 514 717 2636
685 515 716 2621
686 516 710 2647
687 517 714 2634
688 518 708 2622
689 519 666 2667
690 520 698 2656
691 521 707 2657
692 522 723 2641
693 523 722 2646
694 524 723 2638
695 525 730 2646
696 526 728 2616
697 527 723 2605
698 528 719 2628
699 529 716 2627
700 530 695 2655
701 531 735 2621
702 532 723 2633
703 533 728 2634
704 534 725 2633
705 535 712 2641
706 536 724 2622
707 537 710 2621
708 538 700 2637
709 539 727 2647
710 540 719 2658
711 541 720 2641
712 542 713 2631
713 543 712 2635
714 544 707 2627
715 545 701 2640
716 546 679 2655
717 547 696 2651
718 548 714 2628
719 549 726 2627
720 550 714 2639
721 551 729 2624
722 552 727 2629
723 553 701 2617
724 554 687 2625
725 555 684 2619
726 556 683 2627
727 557 723 2631
728 558 727 2628
729 559 717 2629
730 560 719 2617
731 561 717 2625
732 562 716 2604
733 563 720 2622
734 564 716 2622
735 565 716 2619
736 566 716 2625
737 567 712 2625
738 568 692 2609
739 569 707 2641
740 570 725 2603
741 571 722 2613
742 572 724 2618
743 573 720 2616
744 574 724 2622
745 575 711 2620
746 576 717 2614
747 577 708 2618
748 578 704 2609
749 579 700 2616
750 580 676 2612
751 581 712 2614
752 582 699 2634
753 583 703 2624
754 584 696 2619
755 585 711 2636
756 586 719 2636
757 587 716 2625
758 588 728 2627
759 589 723 2609
760 590 734 2613
761 591 723 2608
762 592 728 2609
763 593 742 2599
764 594 736 2598
765 595 737 2596
766 596 728 2597
767 597 728 2587
768 598 703 2615
769 599 685 2611
770 600 660 2629
771 601 675 2625
772 602 693 2611
773 603 707 2640
774 604 683 2661
775 605 706 2624
776 606 766 2592
777 607 786 2564
778 608 740 2587
779 609 735 2587
780 610 717 2601
781 611 708 2613
782 612 675 2596
783 613 672 2623
784 614 704 2619
785 615 709 2592
786 616 714 2605
787 617 694 2608
788 618 719 2605
789 619 708 2606
790 620 686 2610
791 621 687 2593
792 622 670 2607
793 623 675 2592
794 624 681 2602
795 625 696 2596
796 626 687 2603
797 627 721 2605
798 628 727 2602
799 629 733 2606
800 630 718 2594
801 631 723 2599
802 632 716 2602
803 633 722 2590
804 634 712 2590
805 635 712 2601
806 636 696 2592
807 637 674 2602
808 638 672 2610
809 639 680 2613
810 640 712 2608
811 641 707 2588
812 642 726 2576
813 643 720 2579
814 644 712 2575
815 645 704 2576
816 646 688 2587
817 647 665 2589
818 648 664 2586
819 649 641 2607
820 650 655 2609
821 651 679 2609
822 652 696 2601
823 653 712 2600
824 654 719 2583
825 655 719 2568
826 656 715 2558
827 657 710 2578
828 658 710 2577
829 659 697 2571
830 660 665 2584
831 661 653 2580
832 662 654 2577
833 663 662 2607
834 664 680 2611
835 665 748 2591
836 666 727 2573
837 667 723 2582
838 668 720 2576
839 669 706 2576
840 670 710 2577
841 671 679 2582
842 672 678 2580
843 673 677 2595
844 674 684 2591
845 675 707 2582
846 676 705 2577
847 677 709 2574
848 678 710 2550
849 679 697 2555
850 680 700 2557
851 681 701 2545
852 682 673 2548
853 683 682 2564
854 684 661 2582
855 685 669 2594
856 686 695 2586
857 687 718 2581
858 688 728 2571
859 689 726 2573
860 690 712 2560
861 691 688 2553
862 692 671 2575
863 693 678 2573
864 694 677 2567
865 695 684 2579
866 696 709 2563
867 697 705 2575
868 698 721 2557
869 699 727 2551
870 700 746 2540
871 701 742 2551
872 702 721 2559
873 703 710 2575
874 704 687 2580
875 705 671 2573
876 706 662 2571
877 707 707 2558
878 708 755 2538
879 709 768 2518
880 710 751 2521
881 711 728 2534
882 712 709 2536
883 713 700 2556
884 714 709 2573
885 715 737 2564
886 716 740 2554
887 717 765 2563
888 718 747 2548
889 719 709 2535
890 720 689 2524
891 721 687 2520
892 722 683 2525
893 723 664 2536
894 724 681 2540
895 725 723 2535
896 726 747 2546
897 727 764 2541
898 728 764 2509
899 729 751 2518
900 730 751 2507
901 731 743 2494
902 732 728 2515
903 733 711 2515
904 734 728 2507
905 735 729 2512
906 736 726 2540
907 737 741 2510
908 738 741 2505
909 739 756 2498
910 740 745 2482
911 741 740 2495
912 742 696 2512
913 743 679 2520
914 744 677 2526
915 745 644 2544
916 746 664 2563
917 747 657 2551
918 748 669 2566
919 749 699 2532
920 750 667 2549
921 751 677 2524
922 752 683 2505
923 753 687 2486
924 754 672 2499
925 755 693 2496
926 756 701 2495
927 757 673 2499
928 758 687 2503
929 759 684 2515
