172 2 0 15
173 3 1 13
174 4 -1 16
175 5 -1 15
176 6 -1 15
177 7 -1 15
178 8 -1 15
179 9 -2 17
180 10 -1 16
181 11 -1 16
182 12 -1 16
183 13 -1 17
184 14 -28 -32
185 15 3 -4
186 16 3 -5
187 17 -1 -3
188 18 -1 -3
189 19 -2 -2
190 20 -2 -3
191 21 -3 -2
192 22 -2 -3
193 23 -2 -3
194 24 -3 -1
195 25 -2 -2
196 26 -2 -2
197 27 -4 0
198 28 0 -6
199 29 0 -5
200 30 -1 -1
201 31 0 -3
202 32 0 -2
203 33 -1 -1
204 34 -1 -1
205 35 -2 -1
206 36 -1 -1
207 37 -1 -1
208 38 -1 -1
209 39 -1 -1
210 40 -1 -2
211 41 -1 -1
212 42 0 -3
213 43 0 -2
214 44 0 -2
215 45 0 -2
216 46 -1 -1
217 47 -2 -2
218 48 -2 -2
219 49 -2 -1
220 50 -1 -1
221 51 -1 0
222 52 -1 -1
223 53 0 -1
224 54 0 0
225 55 1 -2
226 56 -1 -1
227 57 -1 -2
228 58 -2 -2
229 59 -2 -2
230 60 -3 -1
231 61 -3 0
232 62 -2 -2
233 63 -3 0
234 64 -1 -1
235 65 -1 -3
236 66 -1 -2
237 67 -1 -2
238 68 -2 -2
239 69 -3 -3
240 70 -2 -4
241 71 -4 -1
242 72 -4 0
243 73 -4 0
244 74 -3 0
245 75 -1 -2
246 76 -1 0
247 77 -1 -1
248 78 -1 0
249 79 -2 0
250 80 -2 -1
251 81 -3 -1
252 82 -2 0
253 83 -3 0
254 84 -2 -1
255 85 -1 -1
256 86 -1 -1
257 87 -1 -2
258 88 -2 0
259 89 -2 0
260 90 -2 -1
261 91 -2 -1
262 92 -2 -1
263 93 -2 -2
264 94 -2 -2
265 95 -2 -2
266 96 -1 -2
267 97 -2 -1
268 98 -2 -1
269 99 -2 0
270 100 -1 -2
271 101 1 -4
272 102 0 -2
273 103 0 -1
274 104 0 -2
275 105 -1 -1
276 106 -2 -1
277 107 -2 -2
278 108 -2 -1
279 109 0 -2
280 110 -1 -1
281 111 -2 0
282 112 -1 -2
283 113 -2 -1
284 114 -2 -2
285 115 -2 -2
286 116 -2 -1
287 117 -1 -3
288 118 -1 -2
289 119 -2 -2
290 120 -2 -3
291 121 -3 -1
292 122 -2 -2
293 123 -2 -3
294 124 -3 -1
295 125 -1 -3
296 126 -2 -1
297 127 -3 -1
298 128 -2 -2
299 129 -1 -2
300 130 -1 -1
301 131 -1 -2
302 132 -1 -2
303 133 -1 -1
304 134 -1 -2
305 135 -1 -3
306 136 -2 0
307 137 -1 -2
308 138 -2 0
309 139 -1 -1
310 140 -1 -1
311 141 -1 0
312 142 0 -2
313 143 0 -2
314 144 -1 -2
315 145 -1 -1
316 146 -1 -2
317 147 0 -3
318 148 -1 -3
319 149 -1 -1
320 150 -1 -3
321 151 0 -3
322 152 0 -3
323 153 0 -1
324 154 0 -2
325 155 -1 0
326 156 -1 -1
327 157 -1 -1
328 158 -1 -1
329 159 1 -2
330 160 0 -2
331 161 -1 -1
332 162 0 -2
333 163 0 -2
334 164 -1 0
335 165 -1 -1
336 166 0 -3
337 167 0 -2
338 168 0 -1
339 169 0 -2
340 170 -1 -2
341 171 -1 -1
342 172 0 -2
343 173 -1 -2
344 174 -1 -2
345 175 -1 -1
346 176 -1 -1
347 177 -1 -2
348 178 -1 -1
349 179 0 -3
350 180 -1 -1
351 181 -1 -2
352 182 0 -3
353 183 0 -3
354 184 0 -3
355 185 0 -3
356 186 0 -3
357 187 0 -2
358 188 0 -2
359 189 0 -2
360 190 0 -2
361 191 0 -2
362 192 1 -3
363 193 1 -3
364 194 1 -4
365 195 1 -3
366 196 1 -2
367 197 1 -2
368 198 1 -2
369 199 0 0
370 200 1 -2
371 201 3 -3
372 202 3 -3
373 203 2 -2
374 204 2 -2
375 205 2 -2
376 206 1 -3
377 207 16 -3
378 208 1 -2
379 209 2 -2
380 210 3 -4
381 211 2 -2
382 212 2 -3
383 213 2 -2
384 214 2 -3
385 215 2 -2
386 216 1 -2
387 217 2 -3
388 218 2 0
389 219 2 -2
390 220 2 -3
391 221 2 -1
392 222 2 -2
393 223 1 -2
394 224 2 -3
395 225 1 -2
396 226 1 -2
397 227 1 -2
398 228 2 -3
399 229 1 -1
400 230 3 -2
401 231 1 0
402 232 2 -2
403 233 1 -1
404 234 2 -1
405 235 1 -1
406 236 2 -2
407 237 2 -1
408 238 2 -1
409 239 17 0
410 240 2 -1
411 241 2 -1
412 242 2 -1
413 243 3 -1
414 244 2 -2
415 245 1 1
416 246 2 0
417 247 2 0
418 248 3 0
419 249 3 1
420 250 4 -1
421 251 4 -1
422 252 5 -3
423 253 3 -1
424 254 3 0
425 255 3 1
426 256 3 -2
427 257 3 -1
428 258 3 -1
429 259 2 0
430 260 3 -1
431 261 2 1
432 262 2 2
433 263 2 2
434 264 3 1
435 265 3 1
436 266 2 2
437 267 3 1
438 268 3 1
439 269 3 3
440 270 4 0
441 271 4 0
442 272 2 1
443 273 2 1
444 274 2 1
445 275 3 0
446 276 3 1
447 277 4 -1
448 278 5 -2
449 279 6 -1
450 280 6 -1
451 281 3 1
452 282 4 0
453 283 4 1
454 284 4 1
455 285 3 1
456 286 4 1
457 287 4 1
458 288 4 0
459 289 4 0
460 290 4 1
461 291 5 0
462 292 3 2
463 293 5 1
464 294 5 1
465 295 7 -1
466 296 7 -1
467 297 7 0
468 298 6 -1
469 299 6 -1
470 300 5 0
471 301 5 1
472 302 7 0
473 303 6 -1
474 304 8 -2
475 305 8 0
476 306 7 -1
477 307 6 0
478 308 5 -1
479 309 4 1
480 310 5 0
481 311 6 1
482 312 5 1
483 313 5 0
484 314 7 0
485 315 7 1
486 316 7 -1
487 317 6 1
488 318 6 0
489 319 6 1
490 320 5 1
491 321 6 1
492 322 7 1
493 323 6 0
494 324 5 1
495 325 7 0
496 326 6 1
497 327 7 1
498 328 7 -1
499 329 8 -1
500 330 7 -1
501 331 6 0
502 332 7 0
503 333 6 0
504 334 7 0
505 335 6 1
506 336 6 0
507 337 7 0
508 338 7 0
509 339 8 0
510 340 9 -1
511 341 10 -2
512 342 8 1
513 343 10 -1
514 344 8 -1
515 345 10 -1
516 346 10 -1
517 347 10 0
518 348 9 0
519 349 9 -2
520 350 10 -2
521 351 9 1
522 352 9 0
523 353 9 0
524 354 9 0
525 355 8 1
526 356 9 2
527 357 9 1
528 358 9 1
529 359 10 0
530 360 10 -1
531 361 10 0
532 362 9 0
533 363 9 -1
534 364 9 1
535 365 8 0
536 366 9 0
537 367 10 0
538 368 11 -1
539 369 9 1
540 370 9 -1
541 371 10 -1
542 372 10 -1
543 373 8 0
544 374 9 -1
545 375 9 -1
546 376 8 0
547 377 8 0
548 378 9 0
549 379 10 0
550 380 10 -1
551 381 10 -1
552 382 9 -1
553 383 6 2
554 384 9 -1
555 385 10 -1
556 386 8 1
557 387 10 -2
558 388 9 0
559 389 9 0
560 390 8 0
561 391 9 0
562 392 9 0
563 393 8 2
564 394 8 3
565 395 9 3
566 396 12 -3
567 397 10 2
568 398 11 1
569 399 10 0
570 400 10 -1
571 401 11 -1
572 402 9 2
573 403 11 1
574 404 11 1
575 405 11 2
576 406 12 1
577 407 12 1
578 408 11 0
579 409 10 1
580 410 9 2
581 411 11 2
582 412 11 0
583 413 9 1
584 414 8 3
585 415 8 2
586 416 9 3
587 417 10 3
588 418 10 2
589 419 10 3
590 420 11 0
591 421 12 1
592 422 11 2
593 423 11 0
594 424 12 0
595 425 11 1
596 426 10 2
597 427 10 0
598 428 10 1
599 429 10 1
600 430 10 2
601 431 10 2
602 432 11 1
603 433 11 2
604 434 10 2
605 435 9 3
606 436 9 1
607 437 10 1
608 438 9 1
609 439 9 2
610 440 10 2
611 441 12 1
612 442 13 0
613 443 11 1
614 444 12 2
615 445 12 2
616 446 12 0
617 447 12 1
618 448 10 4
619 449 10 3
620 450 10 5
621 451 10 2
622 452 10 3
623 453 10 4
624 454 11 1
625 455 12 1
626 456 10 4
627 457 10 5
628 458 11 4
629 459 11 4
630 460 11 3
631 461 11 5
632 462 10 8
633 463 12 2
634 464 11 3
635 465 11 3
636 466 10 5
637 467 12 4
638 468 12 3
639 469 11 4
640 470 11 5
641 471 11 4
642 472 12 3
643 473 13 3
644 474 12 4
645 475 12 3
646 476 13 3
647 477 12 3
648 478 11 5
649 479 11 3
650 480 11 4
651 481 10 2
652 482 9 5
653 483 10 5
654 484 10 4
655 485 11 3
656 486 9 5
657 487 11 3
658 488 10 4
659 489 11 2
660 490 10 3
661 491 10 3
662 492 10 3
663 493 10 3
664 494 10 3
665 495 10 3
666 496 10 3
667 497 10 4
668 498 9 4
669 499 10 4
670 500 10 4
671 501 10 4
672 502 10 4
673 503 10 5
674 504 11 3
675 505 12 3
676 506 12 2
677 507 11 4
678 508 12 4
679 509 12 4
680 510 12 3
681 511 13 5
682 512 13 5
683 513 12 4
684 514 12 5
685 515 12 5
686 516 13 4
687 517 13 5
688 518 13 5
689 519 15 3
690 520 14 4
691 521 14 3
692 522 13 5
693 523 13 4
694 524 13 5
695 525 12 5
696 526 12 6
697 527 12 6
698 528 12 6
699 529 12 5
700 530 13 5
701 531 12 5
702 532 12 5
703 533 12 6
704 534 11 5
705 535 12 4
706 536 12 4
707 537 12 4
708 538 13 4
709 539 11 4
710 540 12 3
711 541 12 4
712 542 12 4
713 543 12 4
714 544 12 4
715 545 12 4
716 546 13 4
717 547 12 3
718 548 10 4
719 549 11 5
720 550 12 5
721 551 11 5
722 552 11 5
723 553 11 6
724 554 12 5
725 555 12 5
726 556 12 5
727 557 11 5
728 558 12 5
729 559 12 5
730 560 12 5
731 561 13 6
732 562 12 6
733 563 12 5
734 564 12 6
735 565 12 5
736 566 13 5
737 567 13 5
738 568 13 6
739 569 13 5
740 570 12 7
741 571 12 7
742 572 13 7
743 573 13 7
744 574 12 7
745 575 12 6
746 576 12 7
747 577 12 7
748 578 12 7
749 579 12 7
750 580 13 6
751 581 13 6
752 582 13 5
753 583 14 5
754 584 13 5
755 585 13 5
756 586 13 5
757 587 12 5
758 588 12 5
759 589 12 6
760 590 12 6
761 591 12 6
762 592 12 6
763 593 11 7
764 594 12 7
765 595 11 7
766 596 11 7
767 597 11 8
768 598 13 6
769 599 14 6
770 600 15 6
771 601 14 6
772 602 14 7
773 603 14 4
774 604 15 0
775 605 14 4
776 606 10 10
777 607 9 15
778 608 12 10
779 609 13 9
780 610 14 7
781 611 14 7
782 612 15 7
783 613 15 7
784 614 14 7
785 615 14 8
786 616 14 8
787 617 15 6
788 618 14 8
789 619 14 7
790 620 15 7
791 621 15 8
792 622 16 7
793 623 16 9
794 624 15 8
795 625 14 8
796 626 14 8
797 627 13 7
798 628 13 7
799 629 12 8
800 630 13 7
801 631 13 7
802 632 14 6
803 633 14 7
804 634 14 7
805 635 14 6
806 636 14 6
807 637 15 6
808 638 15 6
809 639 15 6
810 640 14 7
811 641 14 7
812 642 13 8
813 643 13 8
814 644 14 8
815 645 14 8
816 646 14 8
817 647 15 8
818 648 15 7
819 649 15 7
820 650 15 7
821 651 14 7
822 652 14 8
823 653 14 7
824 654 13 8
825 655 13 9
826 656 13 11
827 657 13 10
828 658 14 10
829 659 15 10
830 660 15 9
831 661 15 10
832 662 15 10
833 663 15 9
834 664 15 8
835 665 26 19
836 666 13 10
837 667 13 10
838 668 13 10
839 669 14 10
840 670 28 9
841 671 15 9
842 672 15 9
843 673 15 9
844 674 15 10
845 675 14 9
846 676 14 10
847 677 13 10
848 678 13 11
849 679 13 11
850 680 13 11
851 681 14 12
852 682 15 12
853 683 15 10
854 684 16 10
855 685 15 9
856 686 15 9
857 687 14 9
858 688 14 10
859 689 14 10
860 690 14 10
861 691 15 10
862 692 16 9
863 693 16 9
864 694 16 10
865 695 16 10
866 696 14 10
867 697 15 10
868 698 14 9
869 699 13 10
870 700 13 11
871 701 13 10
872 702 14 11
873 703 15 8
874 704 15 8
875 705 16 9
876 706 16 10
877 707 14 12
878 708 13 12
879 709 12 14
880 710 13 13
881 711 14 12
882 712 14 13
883 713 15 11
884 714 15 10
885 715 13 11
886 716 14 11
887 717 12 11
888 718 13 11
889 719 14 12
890 720 14 12
891 721 15 13
892 722 14 12
893 723 15 13
894 724 14 13
895 725 13 13
896 726 13 11
897 727 12 12
898 728 12 13
899 729 12 11
900 730 11 12
901 731 13 14
902 732 13 12
903 733 14 12
904 734 13 14
905 735 13 14
906 736 14 10
907 737 13 13
908 738 13 13
909 739 13 14
910 740 13 15
911 741 13 13
912 742 15 11
913 743 16 9
914 744 16 11
915 745 18 9
916 746 18 6
917 747 18 5
918 748 18 5
919 749 16 7
920 750 18 5
921 751 16 10
922 752 16 12
923 753 16 13
924 754 16 12
925 755 16 12
926 756 16 13
927 757 16 13
928 758 16 12
929 759 15 13
